0010010010000000000000000000000000000000000000000000000000000000000
0000010010000011000000000000100000000000001000000000000000000000000
1000011101100000000000001000010000000000001101100000000000001000000
1000111001100000000000101000010000000000001101100000000000101000000
0011010100000000000000000000000000000000000000000000000000000000000
0000010010000011000000000000100000000000001000000000000000000010000
1000011001100000000000000000010000000000001101100000000000001000001
1000010111100000000000100000010000000000001101100000000000101000001
1000100100100000000000000000100000000000010000000000000000001110000
0000010010000011000000000000100000000000001000000000000000000100000
0100100101010000011000000000000010000000000000001100000000000000010
0100100101010000011000000000000010000000000000001100000000000000010
0000010010000000100000000000000000000100001100000000000000000000000
0000010010000011000000000000001000000000001000000000000000000000000
0000010010000010000000000000010000000000000010100000000000000000001
1000110001100000000000010000010000000000000000000000000001001000000
0001010000000000000000000000000000000000000000000000000000000001110
0001010001000000000000000000000000000000000000000000000000000001100
0101100010100000100000001010000000000000000000000000000000010000000
0101100010100000100000001010000000000000000000000000000000010000000
0000010010000010100000000010000000000100101100000000000000000000000
0000010010000010100000000010000000000100100011000000000000000000001
0000010010000000100000000000000000000100000010000000000000000000001
0000010000010000000000000000100000000000000000000000000000000110010
0111111010000000000000000000000000000000000000000000000000000000000
0001011001010000000000000000000000000000000000000000000000000001010
0000010010000010000010000000000001000001010000000011000000000000000
0000010010000011000000000001000000000000000000000000000000000000010
0001011100010000000000000000000000000000000000000000000000000001010
0001011101010000000000000000000000000000000000000000000000000001000
0000100000001000000000000001000000000000000000000000000000000000010
0000010010000011000000000001000000000000000000000000000000000000000
1000000000000100000000000000000000000000000000000000010000000000000
0001100001010000000000000000000000000000000000000000000000000001010
1000011100000000000000000000000000000000000000000000000000001000000
0110011000000000000000000000000000000000000000000000000000000000000
0001100100010000000000000000000000000000000000000000000000000001000
1000101100100010000000100000000001000001010000000001000000101000000
0000100111000000100000000001000000000010000000000000000000000000010
1000101000100010000000000000000001000001010000000000000000001000000
0001101000010000000000000000000000000000000000000000000000000001000
0100010010000010000000000000000001000001010000000000000000000000000
0000101001000001001000000001000000000000000000000000100000000000010
1000110100100010000000000000000001000001010000000001000000001000000
0001101100000000000000000000000000000000000000000000000000000001110
0000100101000010000100000000000001000001010000000010000000000000000
0000101011010000000000000000000000100000000000000000000000000000010
0000000000000000000000000000000000000000000000000000000000000000000
0000100001100000000000000000000000010000000000000000000000000000000
0001110001010010000000010010000000000000100000000000000000000001010
0100100101010000011000000000000010000000000000000000000000000000010
0000010010000000100000000001000000000010000000000000000000000000010
0001110100000000000000000000000000000000000000000000000000000001110
0001110101010000000000000000000000000000000000000000000000000001000
1000110101100000000000100000000100000000000000000000000000001000000
0000010010000000100000000001000000000010000000000000000000000000010
0000101101010000011000000000000010000000000000000100000000000000010
0000010001010000000000000000100000000000000000000000000000000110000
0100100101010000011000000000000010000000000000010000000000000000010
0000111100010000000000000000000000000000000000000000000010000000000
0001111100000000000000000000000000000000000000000000000000000001110
0100100101010000011000000000000010000000000000001000000000000000010
1000000000110000000000100000000000001000000000000000000100000000000
1000000000000000000001000100000000000000000000000000001000000000000
